194
271
1254
1340
1674
1736
2151
2344
2635
3170
3233
3269
3321
3563
3797
3868
4288
4641
5139
5408
5521
5655
6004
6104
6227
6348
6666
6746
7319
7374
7436
7521
7910
8111
8299
8430
8533
8860
9054
9214
9221
9284
9446
9621
10018
10025
10525
10865
11258
11274
11433
11463
11986
12146
12198
12290
12334
12533
12676
12763
12866
12878
12897
13099
13115
13122
13589
13643
13699
13858
14033
14189
14782
14929
15365
15501
15871
16055
16947
17056
17284
17665
17722
18004
18180
18225
18527
18662
18712
18780
20097
20761
20826
21323
21354
21381
21565
21649
21675
21680
21779
21920
22139
22597
22726
22739
22789
23297
23420
23452
23576
23952
24251
24255
24455
24960
24964
25003
25310
25635
25653
25739
26009
26047
26128
26304
26377
26789
27527
27557
27596
28044
28175
28507
29149
29187
29274
29494
29678
29767
29997
30825
30871
30922
31795
31927
31932
32409
32426
32527
32802
33006
33398
33612
33644
33830
33965
34209
34280
34414
34477
34519
34782
34804
34847
35553
35605
35735
36098
36322
36340
36536
36583
36717
37155
37264
37496
38494
38699
38905
38975
39151
39349
39390
39773
40208
40268
40289
40356
40451
40666
40819
40937
40989
41202
41265
41362
41507
42204
42397
42446
42758
42907
42916
43173
43347
43382
43442
43754
43772
44661
45629
45882
46217
46302
46511
46527
46749
46973
47138
47206
47345
47615
47828
48079
48461
48505
48555
48924
49176
49421
49549
50196
50405
50549
50606
50681
51030
51072
51563
51627
51893
51944
51998
52053
52114
52235
52293
52364
52494
52752
52775
52920
53224
53251
53401
53490
53563
53603
53630
53863
54387
54575
55099
55158
55336
55541
55682
55979
56316
56367
56577
56828
56989
57389
57398
57514
57711
57793
57851
57980
57981
58013
58078
58203
58878
59038
59521
59537
59657
59983
60106
60717
60776
61425
61708
62149
62165
62235
62436
62629
62642
62682
62787
63468
63691
63777
63849
64219
64302
64685
65030
65170
65173
65505
65548
65577
65999
66360
66498
66574
66633
66683
66929
67137
67572
67690
68268
68293
68610
68615
69146
69761
69823
70197
70511
70686
71326
71430
71451
72045
72256
73056
73629
73675
73851
74748
74911
74945
75202
75667
75848
75857
75864
76818
76885
77833
78054
78128
78436
78500
78526
78669
78730
78810
78855
78933
79135
79807
80089
80131
80196
80783
81545
81701
81821
81943
82092
82698
82747
82906
83287
83374
83430
83848
83947
84617
84833
84847
84967
84982
85017
85252
86022
86061
86946
86963
86978
87561
87735
88159
88199
88453
88555
88687
88963
89082
89688
89756
90100
90509
90547
91386
91525
91547
91869
92079
92598
93182
93615
93842
93878
94024
94151
94797
95069
95227
95350
95730
95858
96261
96396
97066
97117
97162
97297
97321
97661
98458
98706
98711
98757
99076
99276
99465
99500
100866
100989
101025
101269
102013
102375
103608
103981
104178
104217
105222
105651
105819
105896
106070
106186
106442
106551
106651
106904
106913
107107
107235
107850
107912
107996
108353
108620
109720
109932
110056
110100
110589
110778
111143
111991
112050
112132
112748
113216
113314
113382
113389
113407
114055
114122
114260
114459
114623
115375
115462
115791
116316
116823
116887
116922
117655
117928
118188
118581
118762
118808
119381
119609
119657
119860
119933
120099
121025
121085
121438
121530
121830
122553
122580
122967
122976
123067
123478
124148
124970
125039
125369
125465
125715
125784
126111
126463
126736
127597
127604
127923
128114
128142
128440
128906
129687
130404
130522
131523
132577
132709
133222
133401
134545
135432
135800
136488
136837
137171
137201
137770
137816
137859
139901
140164
140190
140459
140803
140966
141072
141319
141359
142117
142154
142167
143238
143475
143634
143987
144152
144386
144469
144817
145580
145602
145864
146175
146205
146672
147026
147062
147366
148001
148040
148149
148850
148858
149063
149394
149484
149641
149872
150413
150782
150856
151350
151518
151712
151919
152035
152042
152061
152073
152153
152626
152906
152934
153439
153949
154140
154441
154596
154855
154981
155207
155224
155639
155728
156136
156237
156555
156671
157137
157304
157594
157672
158194
158340
158465
158599
158648
158961
159085
159147
159263
159335
159432
159478
159746
160008
160224
160353
160362
160399
160530
160532
160817
160967
161130
161159
161597
161611
161753
161770
161775
161953
162143
162342
162363
162367
162590
162711
163119
163356
163750
163869
163887
163953
163960
164170
164409
164568
164619
165001
165058
165082
165167
165236
165270
165294
165580
165738
166152
166293
166404
166421
166465
167047
167095
167323
167373
168050
168135
168677
168779
169159
169719
169925
170095
170328
170764
171175
171216
171306
171337
171403
171573
171663
171683
171690
171703
171772
171793
171906
172084
172144
172274
172420
172590
172670
173055
173115
173125
173174
173474
173547
173741
173781
173874
174032
174267
174321
174361
174508
174760
175437
175645
175745
176272
176564
176866
176969
177403
177531
177824
177860
177966
178449
178471
178572
178699
178801
178888
179098
179113
179296
179978
180055
180348
180519
180957
181061
181197
181216
181238
182276
182364
182840
183585
184586
184591
184630
184843
184973
185271
186607
186727
187017
187211
187396
187523
187548
187584
188273
188488
188881
189590
190195
190739
190755
191046
191209
191280
191336
191438
191761
192371
192546
192905
192959
194069
194293
194300
194670
194761
194909
194939
194964
195308
195474
195587
195594
195616
195784
195943
195987
196166
196554
196604
196671
197017
197044
197148
197174
197234
197488
197717
198708
198807
198863
198972
199006
199066
199090
199129
199161
199166
199308
199330
199358
199451
199493
199952
200783
200932
201174
201175
201336
201750
201874
202014
202308
202645
203208
203444
203564
203794
203941
204689
205069
205096
205126
205264
205294
205392
205491
205736
206239
206521
206645
206725
206763
206840
207066
207390
207567
208218
208228
208651
208688
208756
208900
209080
209615
209917
210153
210520
210904
211079
211277
211341
211450
211485
211501
211551
211852
212097
212154
212326
212609
213030
213354
213397
213406
213856
214051
214819
214839
214853
215217
215310
215390
215468
215517
215667
216221
216363
216459
216638
216893
217013
217187
217441
217804
217816
218040
218174
218257
218300
218482
218869
218886
218943
219282
219497
219501
219525
219552
219780
220276
220495
220589
220630
221201
221506
221614
221645
221948
222252
222334
222645
222698
222815
222922
223074
223331
223547
224041
224749
224774
224807
224932
225037
225088
225446
225719
226318
226680
226701
226951
227131
227400
227456
227570
227640
227922
228258
228515
228567
228845
228914
228976
229063
229185
229490
229544
229610
229642
229809
229896
229899
230517
230694
230746
230768
230904
231548
231973
232007
232054
232470
232483
233652
234052
234228
234334
234565
234662
234977
234983
235358
235385
235553
236190
236260
236445
236602
236713
237145
237295
237356
237434
237539
237572
237637
237969
238132
238211
238339
238359
238800
239075
239257
239333
239520
239773
239987
240062
240085
240799
240868
241407
241492
241571
241785
241926
241953
241986
242175
242354
242518
242699
242711
242778
242973
243803
243867
243906
244168
244365
244603
244651
244760
244842
244956
245214
245271
245873
246362
246372
246615
246724
246854
247044
247169
247489
247502
247715
247970
248066
248100
248445
248493
249099
249135
249775
250142
250183
250211
250370
250923
251152
251398
251442
251613
251802
252040
252236
252642
252754
253065
253157
253161
253179
253337
253958
254602
254700
254871
255393
255679
256399
256749
256789
256925
257291
257615
257962
258459
258627
258681
258881
258968
259943
260181
260395
260596
260973
261206
261421
261531
261665
261762
261815
261912
261987
262181
262337
262647
262686
262733
263194
264007
264257
264283
264524
264536
264868
265018
265296
265697
265727
266057
266075
266100
266495
266882
266962
266969
267068
267154
267240
267400
267824
268006
268404
270100
270196
270466
270908
271133
271391
271922
271984
272300
272369
272601
272714
272836
273087
273275
273393
273440
273500
273656
273730
274004
274293
274523
274589
274967
275334
275587
275615
275673
275705
275712
275909
275968
276253
276351
276804
277291
277314
278538
278621
278691
278758
279193
279233
279425
279497
279825
280139
280863
280935
281137
281166
281303
281637
281720
281734
282053
282297
282410
282463
282808
282975
283110
283384
283475
283509
283607
283775
283784
283961
284334
284374
284410
285335
285459
285497
285795
286610
286683
287033
287875
287958
288027
288077
288176
288295
288569
288678
288701
288735
288801
288893
289188
289339
289370
289535
289555
289638
289835
289862
289880
290037
290330
290560
290824
291007
291589
291781
292166
292403
292524
292633
292709
292848
292873
293144
293277
293488
293597
293833
293868
293980
294055
294361
294705
295169
295259
295609
296551
296622
297176
297923
298009
298511
298560
298695
298793
299030
299185
299318
299772
299852
300136
300299
300349
300529
300783
300859
300934
302154
302425
302855
303273
303361
303524
304233
305073
305209
305518
306678
307175
307565
307946
308025
308103
308394
308645
309681
310104
310126
310166
310424
310905
310973
312232
313040
313183
313212
313999
314219
314359
315553
315926
315970
316098
316328
316478
316588
316741
318016
318473
318496
319025
319103
319343
319752
319850
319933
320201
320385
320502
320690
321308
321887
322133
322261
322324
322335
322463
322821
322948
323089
323331
323419
323648
323664
323842
324111
324318
324623
324715
324903
325110
325789
325957
326310
326863
326915
327069
327386
327569
327804
328083
328251
328429
328479
328611
328694
329292
329637
329646
330063
330108
330319
330498
330553
330886
330899
331157
331252
331375
332066
332127
332172
332627
333190
333295
333909
334108
334315
334395
334731
334935
334975
335014
335119
335217
335393
335840
335851
335874
335984
336368
336461
336480
336638
336719
337039
337212
337612
337643
338002
338265
338477
338848
339134
339317
339371
339419
339591
340164
340307
340697
341036
341177
341255
341308
341435
341616
341676
341806
342007
342374
342437
342640
343145
343373
343730
343824
343877
343905
344243
344357
344395
344684
344896
345033
345066
345750
346023
346219
346307
346345
346403
346541
346946
346998
347138
347140
347486
347704
347755
347785
347864
347916
347996
348301
348735
348774
348777
349414
349537
350348
350794
350813
350974
351356
351419
351467
351684
351820
351963
351974
352210
352353
352432
353114
353237
353518
353608
353629
353781
354028
354116
354200
354461
354940
355193
355313
355523
355553
356015
356404
356671
356808
356817
356831
357560
357627
357637
357751
357869
357932
358370
358410
358441
358507
358979
359025
359423
359520
359544
359914
360151
361087
361098
361216
361331
361558
361921
361987
362029
362259
362269
362349
362551
362727
363021
363513
363555
363755
364178
364785
365529
365739
365875
366123
366233
366248
366259
366304
366352
366728
366886
366910
366952
367077
367198
367206
367596
367678
367763
367769
367828
367957
368003
368164
368330
368669
368681
368883
369112
369154
369439
369603
369624
369764
369858
369868
370091
370095
370138
370573
371463
371698
371791
372254
372298
372365
372406
372511
372666
372738
373137
373148
373242
373415
373690
373711
373731
373900
373998
374818
375540
375939
376033
376376
376634
376709
376882
377067
377311
377617
377681
378119
378147
378187
378422
378537
378568
378646
378691
378766
378784
379418
379659
379745
379850
379860
380027
380049
380133
380212
380450
380692
381154
381170
381342
381544
381761
381852
382084
382756
382787
382837
383175
383744
384130
384438
384449
384865
385260
385325
385521
385698
385746
386626
386970
387163
387267
388151
388567
389465
390019
390452
390476
390495
390672
390687
390809
390820
390971
391078
391401
391744
391980
392794
392808
393147
393434
393943
394111
394116
394532
394826
395040
395291
395326
395530
395851
396107
396236
396348
396382
396417
396600
396646
396663
396670
396760
396916
397051
397169
397680
397726
397835
397907
398036
398079
398234
398330
398877
398883
399088
399112
399411
399613
400078
400249
400381
400392
400782
400944
400970
400983
400995
401289
401382
401530
401711
402332
402499
402567
402939
403178
403580
403602
403953
404279
404353
404608
404923
405058
405268
405308
405328
405641
406311
406509
406974
407097
407832
407955
408444
408471
408609
409062
409821
409946
409952
409984
410553
410599
410671
410716
410767
410815
411202
411245
411781
411929
412277
412362
412536
412735
412834
413134
413368
413552
414146
414200
414264
414445
414582
414721
414761
414969
415604
415709
415949
416083
416099
416185
416237
416287
416347
416472
416563
416648
416718
416724
416856
416865
417313
417360
417373
417476
417831
417862
418276
418646
418836
418946
419287
419324
419352
419916
419934
420352
420374
420482
421413
421715
421832
422266
422300
422727
423120
423242
423352
423392
423512
423575
424086
424105
424243
424800
424866
425101
425260
425271
425372
425384
425803
425815
425825
425974
426192
426244
426427
427376
427495
427562
427960
428128
428293
428571
428611
429175
429419
429557
430385
430480
430488
430546
430581
430691
430765
431007
431304
431761
432002
432167
432308
432314
432325
432679
432788
432806
433129
433183
433600
433666
433814
434034
434068
434078
434509
434685
434827
434915
435071
435216
435649
435679
435777
436299
436525
436989
437076
437084
437224
437474
437649
437671
437681
437980
438025
438315
438338
438451
438643
438696
438740
439789
439796
439855
439891
439903
440156
440187
440219
440672
440748
440840
440923
441416
441548
441690
441886
443002
443055
443310
443438
443546
443579
443610
443768
443928
444662
445168
445986
446228
446512
446709
446743
447342
447355
447472
447505
447784
447830
447853
447929
448179
448186
448236
448427
448825
449287
450284
450377
450757
450958
451180
451889
451939
452077
452980
453034
453466
453487
453664
454391
454662
454694
454782
454838
454958
455100
455552
455681
456421
456578
456623
456797
457187
457247
457723
457763
457822
457930
458180
458477
458618
459326
459516
459576
460044
460175
460443
461211
461237
461320
461381
461395
461702
461990
462191
462367
462506
462518
463099
463416
463522
463641
464371
464549
464849
464967
465433
466081
466088
466592
466630
466692
466741
466866
467003
467623
467748
467870
468759
469678
469735
469763
469866
470043
470331
470427
470554
471506
471605
471851
472150
472297
472644
472820
473199
473471
473546
473792
474214
474327
474565
474989
475056
475423
475446
475895
475904
476164
476183
476599
476771
476972
477076
477332
477814
477887
477925
477974
478408
478634
478891
478912
478950
478963
478998
479524
479858
479867
479936
480394
480490
480766
480962
481025
481447
481787
481863
482010
482189
482300
482664
482838
482924
483241
483272
484215
484342
484458
484513
484650
484786
485112
485228
485497
485875
485904
486085
486387
486425
486592
486607
486708
487057
487434
487719
488041
488238
488333
488346
488356
488393
488414
488746
489042
489376
489451
489635
489663
489700
489719
489993
490000
491169
491364
491435
491940
492498
493376
493739
493961
494137
494295
494332
494927
494937
495450
495457
495792
496082
496154
496304
496316
496324
496551
496607
496892
497557
497608
498009
498077
498137
498360
498502
498885
498955
498998
499322
499465
500305
500345
500596
500880
501289
501295
501477
502396
502668
502705
503205
503289
503718
503742
504061
504430
504485
504584
504732
505188
505294
505454
505716
506336
506383
507292
507464
507636
507794
507989
508288
508315
508373
508930
509052
509331
509403
509437
509705
509763
509813
510052
510340
510686
510918
511884
511948
512142
512379
513019
513077
513304
513561
514072
514123
514573
514823
514935
515437
515597
515638
515989
516075
516493
516884
516919
517138
517272
517328
517953
517964
518176
518230
518263
518362
518414
518550
518733
518977
519019
519070
519075
519170
519410
519445
519721
520022
520222
520695
520778
521322
521993
522028
522101
522636
522674
522793
522994
523195
523216
523236
523495
523565
523853
524281
525117
525187
525366
525448
525465
525703
526084
526089
526454
526482
526863
526882
526965
527105
527168
527328
527887
528532
528820
528960
529335
529433
529751
529794
530293
530386
530592
531169
531370
531387
531606
531644
531826
532223
532233
532728
532942
533627
533779
533788
534026
534078
534151
534545
534858
535136
535152
535803
535838
535952
536191
536272
536332
536481
536504
537098
537416
537496
537773
538293
539025
539333
539364
539513
539737
539800
539868
539977
540079
541040
541749
541807
542097
542208
542247
542257
542358
542979
543021
543231
544079
544090
544259
544354
544393
544490
544820
545174
545351
545474
545494
545625
545827
545901
545982
545992
546330
547227
547777
548068
548078
548140
548492
548614
548806
549106
549382
549596
549965
550087
550155
550674
550816
550850
550946
551139
552085
552126
553155
553708
554070
554357
554978
554992
555019
555326
555722
555852
555900
555937
556063
556172
556188
556261
557416
557798
557966
558055
558068
558344
558784
559262
559464
559599
559723
559964
560187
560191
560255
561222
561522
562071
562107
562258
562315
562648
563698
563744
564076
564154
564335
564482
564490
564701
564886
565004
565174
565486
565694
565732
566025
566318
566431
566786
567040
567063
567527
567877
567934
568727
568767
568865
568872
568900
568990
569375
569475
569612
569728
569745
569765
570171
570327
570332
570548
570894
571117
571512
571792
571861
572423
572884
573032
573095
573208
573355
573583
573646
573722
573754
573769
573966
574027
574300
574486
574579
574607
574766
574864
574916
575222
575703
576033
576157
576353
576767
576823
576905
577021
577214
577295
577744
578001
578088
578451
578522
578861
578949
579042
579138
579412
580585
580704
581280
581346
581507
581685
582195
582362
582369
582821
582859
582911
583137
583466
583577
583629
584696
584810
585082
585491
585647
585654
585899
586672
586763
586841
586939
587695
587808
587951
588220
588360
588655
588670
588692
589223
589307
589398
589557
589724
589757
590051
590065
590105
590151
590175
590503
590586
590602
590752
590816
591122
591301
591305
591718
591890
591974
592067
592074
592361
592496
592735
592815
592890
592926
592929
592968
593570
593625
594210
594253
594295
594354
594428
594761
594874
594944
595064
595116
595671
595836
596030
596116
596144
596220
596505
596934
597217
597235
597348
598080
598113
598180
598303
598309
598458
598613
598634
598794
598888
598968
598999
599044
599152
599378
599702
599773
600484
601003
601066
601535
601844
602534
602541
602563
602794
603789
603812
603934
604188
604515
604621
604771
604819
604847
604863
605058
605404
605450
605735
605881
605993
606284
606401
607006
607428
607534
607963
608109
608583
608894
609106
609154
609454
609527
610108
610122
610144
610150
610600
610658
610827
610936
611053
611062
611170
611628
611714
611807
612088
612253
613259
613312
613804
